 &plot nbnd=   8, nks=    91 /
            0.500000  0.500000  0.500000
   -3.594   -0.925    4.743    4.743    7.357    9.270    9.270   13.616
            0.475000  0.475000  0.475000
   -3.628   -0.876    4.747    4.747    7.363    9.275    9.275   13.623
            0.450000  0.450000  0.450000
   -3.722   -0.737    4.760    4.760    7.378    9.289    9.289   13.644
            0.425000  0.425000  0.425000
   -3.861   -0.522    4.783    4.783    7.404    9.311    9.311   13.677
            0.400000  0.400000  0.400000
   -4.027   -0.250    4.814    4.814    7.440    9.340    9.340   13.714
            0.375000  0.375000  0.375000
   -4.208    0.065    4.853    4.853    7.486    9.371    9.371   13.742
            0.350000  0.350000  0.350000
   -4.392    0.415    4.902    4.902    7.541    9.402    9.402   13.730
            0.325000  0.325000  0.325000
   -4.575    0.791    4.958    4.958    7.606    9.426    9.426   13.618
            0.300000  0.300000  0.300000
   -4.752    1.190    5.023    5.023    7.679    9.439    9.439   13.368
            0.275000  0.275000  0.275000
   -4.919    1.607    5.096    5.096    7.761    9.432    9.432   13.014
            0.250000  0.250000  0.250000
   -5.076    2.039    5.175    5.175    7.850    9.401    9.401   12.608
            0.225000  0.225000  0.225000
   -5.220    2.484    5.261    5.261    7.944    9.341    9.341   12.177
            0.200000  0.200000  0.200000
   -5.351    2.940    5.352    5.352    8.043    9.254    9.254   11.734
            0.175000  0.175000  0.175000
   -5.468    3.401    5.447    5.447    8.143    9.142    9.142   11.284
            0.150000  0.150000  0.150000
   -5.570    3.865    5.543    5.543    8.242    9.015    9.015   10.832
            0.125000  0.125000  0.125000
   -5.657    4.326    5.637    5.637    8.336    8.882    8.882   10.386
            0.100000  0.100000  0.100000
   -5.728    4.774    5.725    5.725    8.417    8.753    8.753    9.955
            0.075000  0.075000  0.075000
   -5.784    5.193    5.803    5.803    8.479    8.638    8.638    9.558
            0.050000  0.050000  0.050000
   -5.824    5.557    5.864    5.864    8.507    8.547    8.547    9.231
            0.025000  0.025000  0.025000
   -5.848    5.819    5.904    5.904    8.489    8.489    8.490    9.026
            0.000000  0.000000  0.000000
   -5.856    5.918    5.918    5.918    8.469    8.469    8.469    8.963
            0.033333  0.000000  0.000000
   -5.851    5.883    5.898    5.898    8.457    8.495    8.495    8.998
            0.066667  0.000000  0.000000
   -5.837    5.781    5.839    5.839    8.422    8.571    8.571    9.097
            0.100000  0.000000  0.000000
   -5.813    5.625    5.748    5.748    8.366    8.691    8.691    9.247
            0.133333  0.000000  0.000000
   -5.780    5.428    5.634    5.634    8.292    8.847    8.847    9.430
            0.166667  0.000000  0.000000
   -5.737    5.201    5.502    5.502    8.202    9.031    9.031    9.631
            0.200000  0.000000  0.000000
   -5.685    4.954    5.360    5.360    8.100    9.237    9.237    9.829
            0.233333  0.000000  0.000000
   -5.624    4.691    5.211    5.211    7.990    9.460    9.460   10.002
            0.266667  0.000000  0.000000
   -5.553    4.419    5.060    5.060    7.873    9.698    9.698   10.120
            0.300000  0.000000  0.000000
   -5.473    4.139    4.909    4.909    7.754    9.946    9.946   10.154
            0.333333  0.000000  0.000000
   -5.383    3.854    4.759    4.759    7.633   10.093   10.204   10.204
            0.366667  0.000000  0.000000
   -5.285    3.566    4.613    4.613    7.514    9.951   10.469   10.469
            0.400000  0.000000  0.000000
   -5.177    3.275    4.471    4.471    7.397    9.756   10.741   10.741
            0.433333  0.000000  0.000000
   -5.060    2.982    4.334    4.334    7.284    9.532   11.018   11.018
            0.466667  0.000000  0.000000
   -4.934    2.688    4.203    4.203    7.176    9.295   11.300   11.300
            0.500000  0.000000  0.000000
   -4.800    2.394    4.079    4.079    7.075    9.055   11.585   11.585
            0.533333  0.000000  0.000000
   -4.656    2.099    3.961    3.961    6.980    8.816   11.875   11.875
            0.566667  0.000000  0.000000
   -4.504    1.805    3.850    3.850    6.894    8.585   12.167   12.167
            0.600000  0.000000  0.000000
   -4.344    1.512    3.746    3.746    6.815    8.362   12.462   12.462
            0.633333  0.000000  0.000000
   -4.175    1.219    3.650    3.650    6.746    8.150   12.760   12.760
            0.666667  0.000000  0.000000
   -3.997    0.928    3.562    3.562    6.686    7.950   13.061   13.061
            0.700000  0.000000  0.000000
   -3.812    0.639    3.482    3.482    6.635    7.763   13.363   13.363
            0.733333  0.000000  0.000000
   -3.619    0.353    3.410    3.410    6.595    7.588   13.668   13.668
            0.766667  0.000000  0.000000
   -3.418    0.069    3.347    3.347    6.566    7.428   13.974   13.974
            0.800000  0.000000  0.000000
   -3.209   -0.212    3.291    3.291    6.547    7.281   14.280   14.280
            0.833333  0.000000  0.000000
   -2.993   -0.490    3.244    3.244    6.540    7.147   14.586   14.586
            0.866667  0.000000  0.000000
   -2.770   -0.764    3.206    3.206    6.545    7.028   14.890   14.890
            0.900000  0.000000  0.000000
   -2.540   -1.033    3.176    3.176    6.561    6.922   15.185   15.185
            0.933333  0.000000  0.000000
   -2.304   -1.298    3.154    3.154    6.589    6.829   15.462   15.462
            0.966667  0.000000  0.000000
   -2.061   -1.558    3.141    3.141    6.630    6.750   15.687   15.687
            1.000000  0.000000  0.000000
   -1.812   -1.812    3.137    3.137    6.683    6.683   15.785   15.785
            1.000000  0.025000  0.025000
   -1.815   -1.806    3.101    3.141    6.688    6.737   15.729   15.752
            1.000000  0.050000  0.050000
   -1.822   -1.789    3.001    3.154    6.703    6.891   15.575   15.659
            1.000000  0.075000  0.075000
   -1.835   -1.760    2.853    3.175    6.727    7.130   15.352   15.516
            1.000000  0.100000  0.100000
   -1.856   -1.719    2.677    3.205    6.762    7.436   15.087   15.336
            1.000000  0.125000  0.125000
   -1.884   -1.667    2.489    3.243    6.806    7.793   14.797   15.129
            1.000000  0.150000  0.150000
   -1.924   -1.603    2.302    3.290    6.859    8.188   14.495   14.905
            1.000000  0.175000  0.175000
   -1.976   -1.528    2.128    3.344    6.921    8.615   14.186   14.670
            1.000000  0.200000  0.200000
   -2.043   -1.441    1.974    3.406    6.993    9.067   13.877   14.429
            1.000000  0.225000  0.225000
   -2.126   -1.342    1.845    3.476    7.073    9.539   13.570   14.130
            1.000000  0.250000  0.250000
   -2.227   -1.232    1.744    3.553    7.162   10.027   13.266   13.807
            0.966667  0.241667  0.241667
   -2.230   -1.234    1.787    3.531    7.137    9.868   13.297   13.646
            0.933333  0.233333  0.233333
   -2.312   -1.160    1.858    3.517    7.124    9.723   13.223   13.427
            0.900000  0.225000  0.225000
   -2.453   -1.027    1.951    3.512    7.123    9.592   13.101   13.206
            0.866667  0.216667  0.216667
   -2.627   -0.856    2.063    3.516    7.134    9.476   12.959   12.986
            0.833333  0.208333  0.208333
   -2.818   -0.662    2.193    3.529    7.155    9.376   12.767   12.809
            0.800000  0.200000  0.200000
   -3.018   -0.451    2.336    3.551    7.185    9.294   12.551   12.657
            0.766667  0.191667  0.191667
   -3.220   -0.227    2.491    3.582    7.225    9.231   12.336   12.504
            0.733333  0.183333  0.183333
   -3.422    0.007    2.655    3.623    7.271    9.187   12.124   12.352
            0.700000  0.175000  0.175000
   -3.620    0.251    2.828    3.673    7.323    9.167   11.914   12.198
            0.666667  0.166667  0.166667
   -3.814    0.504    3.007    3.731    7.378    9.170   11.707   12.044
            0.633333  0.158333  0.158333
   -4.002    0.764    3.192    3.799    7.435    9.198   11.503   11.886
            0.600000  0.150000  0.150000
   -4.183    1.033    3.380    3.876    7.491    9.252   11.303   11.725
            0.566667  0.141667  0.141667
   -4.357    1.308    3.570    3.962    7.546    9.330   11.109   11.557
            0.533333  0.133333  0.133333
   -4.523    1.590    3.762    4.056    7.600    9.430   10.923   11.381
            0.500000  0.125000  0.125000
   -4.680    1.879    3.953    4.158    7.653    9.544   10.750   11.197
            0.466667  0.116667  0.116667
   -4.828    2.174    4.143    4.269    7.706    9.657   10.601   11.003
            0.433333  0.108333  0.108333
   -4.967    2.475    4.331    4.387    7.760    9.741   10.499   10.799
            0.400000  0.100000  0.100000
   -5.096    2.781    4.512    4.516    7.816    9.754   10.476   10.585
            0.366667  0.091667  0.091667
   -5.216    3.092    4.644    4.696    7.876    9.683   10.364   10.528
            0.333333  0.083333  0.083333
   -5.326    3.406    4.782    4.871    7.939    9.564   10.137   10.597
            0.300000  0.075000  0.075000
   -5.426    3.723    4.924    5.038    8.005    9.426    9.908   10.613
            0.266667  0.066667  0.066667
   -5.516    4.040    5.069    5.197    8.074    9.282    9.679   10.529
            0.233333  0.058333  0.058333
   -5.595    4.356    5.216    5.346    8.144    9.141    9.454   10.345
            0.200000  0.050000  0.050000
   -5.664    4.668    5.361    5.483    8.214    9.005    9.238   10.096
            0.166667  0.041667  0.041667
   -5.723    4.970    5.502    5.606    8.281    8.879    9.035    9.823
            0.133333  0.033333  0.033333
   -5.770    5.255    5.632    5.713    8.342    8.762    8.852    9.553
            0.100000  0.025000  0.025000
   -5.808    5.512    5.747    5.800    8.395    8.656    8.695    9.311
            0.066667  0.016667  0.016667
   -5.834    5.724    5.838    5.864    8.435    8.564    8.573    9.121
            0.033333  0.008333  0.008333
   -5.850    5.867    5.897    5.904    8.460    8.495    8.496    9.003
            0.000000  0.000000  0.000000
   -5.856    5.918    5.918    5.918    8.469    8.469    8.469    8.963
